DRT
00164432
00155808
00150211
00154089
00150695
00165030
00300189
00151276
00300283
00164173
00150644
00153856
00300086
00159145
00158831
00400030
00163304
00151446
00164513
00156928
00161581
00151811
00151667
00151365
00152281
00150300
00157533
00155921
00153490
00158491
00159447
00164416
00153171
00163525
00300316
00155573
00151535
00300284
00400053
00153899
00156162
00300167
00300181
00400112
00164823
00151675
00159170
00300032
00200446
00152035
00152264
00162243
00157550
00156634
00300135
00151586
00158751
00162006
00160640
00156600
00300278
00300079
00157690
00164301
00152841
00156022
00151705
00150423
00162511
00300054
00165676
00300186
00157975
00153597
00156758
00162740
00300078
00400065
00163916
00152396
00158157
00154020
00300263
00160917
00159951
00154348
00153741
00300126
00300267
00300119
00152086
00158131
00160127
00150571
00165919
00165609
00300304
00300285
00161140
00151560
00155603
00158904
00160194
00154194
00300084
00165374
00154615
00153180
00165048
00151292
00300164
00300132
00154747
00161824
00300173
00155948
00300294
00153724
00154208
00153970
00165901
00153660
00300169
00157703
00084302
00165111
00151152
00155930
00163959
00152183
00151730
00156081
00161204
00155531
00160844
00162421
00162065
00300256
00200209
00159552
00300182
00200501
00162600
00300087
00158947

